%YAML:1.0
---
camera_matrix: !!opencv-matrix
   rows: 3
   cols: 3
   dt: d
   data: [ 976.25140336346033, 0., 650.46809035115962, 0.,
       974.81726694182635, 343.77820739699501, 0., 0., 1. ]
dist_coeff: !!opencv-matrix
   rows: 1
   cols: 5
   dt: d
   data: [ -0.024951116618325404, 0.40474175313717647,
       -0.011267689398805547, 0.0020080083467705081, -0.7810256706020865 ]
