%YAML:1.0
---
camera_matrix: !!opencv-matrix
   rows: 3
   cols: 3
   dt: d
   data: [ 933.9900641703473, 0., 323.81645926198451, 0.,
       936.28800599029603, 195.2998011119839, 0., 0., 1. ]
dist_coeff: !!opencv-matrix
   rows: 1
   cols: 5
   dt: d
   data: [ 0.24906560000476682, -3.8258612460411512,
       -0.022207192227858753, -0.0068968571557029117, 24.809936833678243 ]
