%YAML:1.0
---
camera_matrix: !!opencv-matrix
   rows: 3
   cols: 3
   dt: d
   data: [ 770.72299736986167, 0., 318.02461557679771, 0.,
       775.46465561317848, 246.78087400492424, 0., 0., 1. ]
dist_coeff: !!opencv-matrix
   rows: 1
   cols: 5
   dt: d
   data: [ 0.38561607676605258, -1.6344069827508034,
       0.0096760296642205874, 0.021505172225771339, 2.4524398387707329 ]
