%YAML:1.0
---
camera_matrix: !!opencv-matrix
   rows: 3
   cols: 3
   dt: d
   data: [ 599.3395997937298, 0., 328.18192518586346, 0.,
       598.88964029053238, 237.10522725469093, 0., 0., 1. ]
dist_coeff: !!opencv-matrix
   rows: 1
   cols: 5
   dt: d
   data: [ 0.06086708025622671, 0.25256999482520998,
       0.00017839498198644085, 0.0023131751092344468,
       -1.2141367250703439 ]
