%YAML:1.0
---
camera_matrix: !!opencv-matrix
   rows: 3
   cols: 3
   dt: d
   data: [ 606.32655235817606, 0., 305.39030364791347, 0.,
       606.77452031315715, 273.71588000756617, 0., 0., 1. ]
dist_coeff: !!opencv-matrix
   rows: 1
   cols: 5
   dt: d
   data: [ -0.059337290136934881, 2.0502999156650055,
       0.016100658424449004, 0.00071182131621349383, -8.0205432141994368 ]
