%YAML:1.0
---
camera_matrix: !!opencv-matrix
   rows: 3
   cols: 3
   dt: d
   data: [ 1458.050938113345, 0., 692.52518353859705, 0.,
       1414.0072316348981, 363.10726834754354, 0., 0., 1. ]
dist_coeff: !!opencv-matrix
   rows: 1
   cols: 5
   dt: d
   data: [ -0.055172250913474857, 0.99369625996509137,
       -0.019823020663056534, 0.009141387231002546, -6.5318297958039437 ]
